{
    "camera_angle_x": 6911112070083618,
    "frames": [
        {
            "file_path": "./train_event/_00000",
            "rotation": 0.031415926535897934,
            "transform_matrix": [
                [
                    -1.0000001192092896,
                    0.0,
                    -0.0,
                    0.0
                ],
                [
                    -0.0,
                    0.7341098785400391,
                    -0.6790306568145752,
                    0.0
                ],
                [
                    -0.0,
                    -0.6790305972099304,
                    -0.7341099977493286,
                    0.0
                ],
                [
                    -0.0,
                    -7.388582901057816e-08,
                    4.031129360198975,
                    1.0
                ]
            ]
        },
        {
            "file_path": "./train_event/_00001",
            "rotation": 0.031415926535897934,
            "transform_matrix": [
                [
                    -0.9997807145118713,
                    -0.015373475849628448,
                    0.014220024459064007,
                    0.0
                ],
                [
                    -0.020941654220223427,
                    0.7339489459991455,
                    -0.6788817048072815,
                    0.0
                ],
                [
                    -7.28423765750108e-10,
                    -0.6790305972099304,
                    -0.7341099381446838,
                    0.0
                ],
                [
                    2.564578549524299e-10,
                    -6.621274906137842e-08,
                    4.031128883361816,
                    1.0
                ]
            ]
        },
        {
            "file_path": "./train_event/_00002",
            "rotation": 0.031415926535897934,
            "transform_matrix": [
                [
                    -0.9991227984428406,
                    -0.030741894617676735,
                    0.028435369953513145,
                    0.0
                ],
                [
                    -0.0418764166533947,
                    0.7334659695625305,
                    -0.6784349679946899,
                    0.0
                ],
                [
                    -1.651607406394362e-09,
                    -0.6790305972099304,
                    -0.7341099381446838,
                    0.0
                ],
                [
                    5.129157099048598e-10,
                    -5.8539662006751314e-08,
                    4.031128883361816,
                    1.0
                ]
            ]
        },
        {
            "file_path": "./train_event/_00003",
            "rotation": 0.031415926535897934,
            "transform_matrix": [
                [
                    -0.9980267882347107,
                    -0.04609513655304909,
                    0.0426366850733757,
                    0.0
                ],
                [
                    -0.06279052048921585,
                    0.732661247253418,
                    -0.6776906847953796,
                    0.0
                ],
                [
                    -2.240379659568248e-09,
                    -0.6790305972099304,
                    -0.7341099381446838,
                    0.0
                ],
                [
                    7.693735648572897e-10,
                    -5.086657850483789e-08,
                    4.031128883361816,
                    1.0
                ]
            ]
        },
        {
            "file_path": "./train_event/_00004",
            "rotation": 0.031415926535897934,
            "transform_matrix": [
                [
                    -0.9964929223060608,
                    -0.06142408773303032,
                    0.056823715567588806,
                    0.0
                ],
                [
                    -0.08367707580327988,
                    0.7314965128898621,
                    -0.6766912341117859,
                    0.0
                ],
                [
                    -1.2075798849764396e-06,
                    -0.6790728569030762,
                    -0.734070897102356,
                    0.0
                ],
                [
                    -3.3644789176889844e-09,
                    -1.816173700319723e-08,
                    4.031128883361816,
                    1.0
                ]
            ]
        },
        {
            "file_path": "./train_event/_00005",
            "rotation": 0.031415926535897934,
            "transform_matrix": [
                [
                    -0.9945217967033386,
                    -0.07672695815563202,
                    0.0709882602095604,
                    0.0
                ],
                [
                    -0.10452922433614731,
                    0.7300106883049011,
                    -0.6753947138786316,
                    0.0
                ],
                [
                    -1.2065431747032562e-06,
                    -0.6791151165962219,
                    -0.7340317964553833,
                    0.0
                ],
                [
                    -7.498330845123746e-09,
                    1.4543105386621846e-08,
                    4.031128883361816,
                    1.0
                ]
            ]
        },
        {
            "file_path": "./train_event/_00006",
            "rotation": 0.031415926535897934,
            "transform_matrix": [
                [
                    -0.9921146631240845,
                    -0.09199366718530655,
                    0.08512098342180252,
                    0.0
                ],
                [
                    -0.12533323466777802,
                    0.7282048463821411,
                    -0.6738020181655884,
                    0.0
                ],
                [
                    4.767141681405462e-10,
                    -0.6791573762893677,
                    -0.7339926362037659,
                    0.0
                ],
                [
                    -1.1632183216647718e-08,
                    4.7247947776440924e-08,
                    4.031128883361816,
                    1.0
                ]
            ]
        },
        {
            "file_path": "./train_event/_00007",
            "rotation": 0.031415926535897934,
            "transform_matrix": [
                [
                    -0.98927241563797,
                    -0.10720376670360565,
                    0.09923398494720459,
                    0.0
                ],
                [
                    -0.14608228206634521,
                    0.726003110408783,
                    -0.6719966530799866,
                    0.0
                ],
                [
                    -3.6105566323385574e-06,
                    -0.6792840957641602,
                    -0.7338754534721375,
                    0.0
                ],
                [
                    -7.518375255699539e-09,
                    6.825030851587144e-08,
                    4.031128883361816,
                    1.0
                ]
            ]
        },
        {
            "file_path": "./train_event/_00008",
            "rotation": 0.031415926535897934,
            "transform_matrix": [
                [
                    -0.985995888710022,
                    -0.12236607074737549,
                    0.11330761760473251,
                    0.0
                ],
                [
                    -0.16676951944828033,
                    0.7234829068183899,
                    -0.6698958277702332,
                    0.0
                ],
                [
                    -3.6056028420716757e-06,
                    -0.6794107556343079,
                    -0.7337581515312195,
                    0.0
                ],
                [
                    -3.4045666286175447e-09,
                    8.925267280801563e-08,
                    4.031128406524658,
                    1.0
                ]
            ]
        },
        {
            "file_path": "./train_event/_00009",
            "rotation": 0.031415926535897934,
            "transform_matrix": [
                [
                    -0.9822872877120972,
                    -0.13747058808803558,
                    0.12733261287212372,
                    0.0
                ],
                [
                    -0.1873813420534134,
                    0.7206459641456604,
                    -0.667500913143158,
                    0.0
                ],
                [
                    9.13336695163025e-09,
                    -0.6795374155044556,
                    -0.7336407899856567,
                    0.0
                ],
                [
                    7.092420539756006e-10,
                    1.1025503710015983e-07,
                    4.031128406524658,
                    1.0
                ]
            ]
        },
        {
            "file_path": "./train_event/_00010",
            "rotation": 0.031415926535897934,
            "transform_matrix": [
                [
                    -0.9781477451324463,
                    -0.1524873524904251,
                    0.14133144915103912,
                    0.0
                ],
                [
                    -0.20791096985340118,
                    0.7174188494682312,
                    -0.664893388748169,
                    0.0
                ],
                [
                    -6.008825948811136e-06,
                    -0.6797483563423157,
                    -0.733445405960083,
                    0.0
                ],
                [
                    1.2010318073407689e-08,
                    3.802163917043799e-08,
                    4.031128406524658,
                    1.0
                ]
            ]
        },
        {
            "file_path": "./train_event/_00011",
            "rotation": 0.031415926535897934,
            "transform_matrix": [
                [
                    -0.9735787510871887,
                    -0.16743484139442444,
                    0.15527410805225372,
                    0.0
                ],
                [
                    -0.2283516377210617,
                    0.7138774394989014,
                    -0.6619928479194641,
                    0.0
                ],
                [
                    -6.0101147028035484e-06,
                    -0.679959237575531,
                    -0.7332499027252197,
                    0.0
                ],
                [
                    2.3311393704261718e-08,
                    -3.421176231199752e-08,
                    4.031128406524658,
                    1.0
                ]
            ]
        },
        {
            "file_path": "./train_event/_00012",
            "rotation": 0.031415926535897934,
            "transform_matrix": [
                [
                    -0.9685831665992737,
                    -0.18230322003364563,
                    0.1691514104604721,
                    0.0
                ],
                [
                    -0.2486899048089981,
                    0.7100240588188171,
                    -0.6588011980056763,
                    0.0
                ],
                [
                    9.054949678954927e-09,
                    -0.6801700592041016,
                    -0.7330543398857117,
                    0.0
                ],
                [
                    3.461246933511575e-08,
                    -1.0644515668900567e-07,
                    4.031128406524658,
                    1.0
                ]
            ]
        },
        {
            "file_path": "./train_event/_00013",
            "rotation": 0.031415926535897934,
            "transform_matrix": [
                [
                    -0.9631627798080444,
                    -0.1970532387495041,
                    0.18299591541290283,
                    0.0
                ],
                [
                    -0.26891911029815674,
                    0.7057887315750122,
                    -0.6553966999053955,
                    0.0
                ],
                [
                    -8.416016498813406e-06,
                    -0.6804648041725159,
                    -0.7327807545661926,
                    0.0
                ],
                [
                    2.0105458631292095e-08,
                    -9.282707935653889e-08,
                    4.031128883361816,
                    1.0
                ]
            ]
        },
        {
            "file_path": "./train_event/_00014",
            "rotation": 0.031415926535897934,
            "transform_matrix": [
                [
                    -0.9573192596435547,
                    -0.21171288192272186,
                    0.19676756858825684,
                    0.0
                ],
                [
                    -0.28903254866600037,
                    0.7012447118759155,
                    -0.6517024040222168,
                    0.0
                ],
                [
                    -8.41954260977218e-06,
                    -0.6807594895362854,
                    -0.7325069904327393,
                    0.0
                ],
                [
                    5.5984488156468615e-09,
                    -7.920899491864475e-08,
                    4.031128883361816,
                    1.0
                ]
            ]
        },
        {
            "file_path": "./train_event/_00015",
            "rotation": 0.031415926535897934,
            "transform_matrix": [
                [
                    -0.9510565400123596,
                    -0.22627250850200653,
                    0.21045728027820587,
                    0.0
                ],
                [
                    -0.30901703238487244,
                    0.6963950991630554,
                    -0.6477209329605103,
                    0.0
                ],
                [
                    2.252179109873964e-09,
                    -0.6810539960861206,
                    -0.7322332262992859,
                    0.0
                ],
                [
                    -8.908560999998372e-09,
                    -6.559091048075061e-08,
                    4.031129360198975,
                    1.0
                ]
            ]
        },
        {
            "file_path": "./train_event/_00016",
            "rotation": 0.031415926535897934,
            "transform_matrix": [
                [
                    -0.9443766474723816,
                    -0.2406838834285736,
                    0.2241072654724121,
                    0.0
                ],
                [
                    -0.3288659453392029,
                    0.6911740899085999,
                    -0.6435258984565735,
                    0.0
                ],
                [
                    -1.0823274351423606e-05,
                    -0.6814320683479309,
                    -0.7318813800811768,
                    0.0
                ],
                [
                    6.9355849952046356e-09,
                    -5.399710900633181e-08,
                    4.031129360198975,
                    1.0
                ]
            ]
        },
        {
            "file_path": "./train_event/_00017",
            "rotation": 0.031415926535897934,
            "transform_matrix": [
                [
                    -0.9372817277908325,
                    -0.2549842596054077,
                    0.23766782879829407,
                    0.0
                ],
                [
                    -0.3485727608203888,
                    0.6856516003608704,
                    -0.6390452980995178,
                    0.0
                ],
                [
                    -1.0830132850969676e-05,
                    -0.6818100214004517,
                    -0.7315292954444885,
                    0.0
                ],
                [
                    2.2779730102229223e-08,
                    -4.2403311084626694e-08,
                    4.031129360198975,
                    1.0
                ]
            ]
        },
        {
            "file_path": "./train_event/_00018",
            "rotation": 0.031415926535897934,
            "transform_matrix": [
                [
                    -0.9297764301300049,
                    -0.2691642642021179,
                    0.251130074262619,
                    0.0
                ],
                [
                    -0.36812451481819153,
                    0.679831326007843,
                    -0.6342821717262268,
                    0.0
                ],
                [
                    -4.663859076714516e-09,
                    -0.6821876764297485,
                    -0.7311772108078003,
                    0.0
                ],
                [
                    3.862387742969986e-08,
                    -3.08095096102079e-08,
                    4.031129360198975,
                    1.0
                ]
            ]
        },
        {
            "file_path": "./train_event/_00019",
            "rotation": 0.031415926535897934,
            "transform_matrix": [
                [
                    -0.9218634366989136,
                    -0.2831670641899109,
                    0.2645452618598938,
                    0.0
                ],
                [
                    -0.3875148594379425,
                    0.6736525893211365,
                    -0.6293047070503235,
                    0.0
                ],
                [
                    -1.3218325875641312e-05,
                    -0.682648241519928,
                    -0.7307471036911011,
                    0.0
                ],
                [
                    1.7746872416068982e-08,
                    -5.3871396232807456e-09,
                    4.031129360198975,
                    1.0
                ]
            ]
        },
        {
            "file_path": "./train_event/_00020",
            "rotation": 0.031415926535897934,
            "transform_matrix": [
                [
                    -0.9135451316833496,
                    -0.29703885316848755,
                    0.2778546214103699,
                    0.0
                ],
                [
                    -0.4067373275756836,
                    0.6671810150146484,
                    -0.6240466833114624,
                    0.0
                ],
                [
                    -1.321887339145178e-05,
                    -0.6831086874008179,
                    -0.7303167581558228,
                    0.0
                ],
                [
                    -3.130131709383477e-09,
                    2.0035230363646406e-08,
                    4.031129360198975,
                    1.0
                ]
            ]
        },
        {
            "file_path": "./train_event/_00021",
            "rotation": 0.031415926535897934,
            "transform_matrix": [
                [
                    -0.9048269987106323,
                    -0.3107704818248749,
                    0.29104942083358765,
                    0.0
                ],
                [
                    -0.4257792532444,
                    0.660420835018158,
                    -0.6185114979743958,
                    0.0
                ],
                [
                    -1.340865196652885e-09,
                    -0.6835686564445496,
                    -0.7298862934112549,
                    0.0
                ],
                [
                    -2.4007135834835935e-08,
                    4.545760035057356e-08,
                    4.031129360198975,
                    1.0
                ]
            ]
        },
        {
            "file_path": "./train_event/_00022",
            "rotation": 0.031415926535897934,
            "transform_matrix": [
                [
                    -0.8957120776176453,
                    -0.32429710030555725,
                    0.3041894733905792,
                    0.0
                ],
                [
                    -0.44463449716567993,
                    0.6533174514770508,
                    -0.6127613186836243,
                    0.0
                ],
                [
                    -1.5574223652947694e-05,
                    -0.6841108798980713,
                    -0.7293780446052551,
                    0.0
                ],
                [
                    -7.549123104411137e-09,
                    3.4710659235770436e-08,
                    4.031129360198975,
                    1.0
                ]
            ]
        },
        {
            "file_path": "./train_event/_00023",
            "rotation": 0.031415926535897934,
            "transform_matrix": [
                [
                    -0.8862032294273376,
                    -0.3376733362674713,
                    0.3172075152397156,
                    0.0
                ],
                [
                    -0.4632967710494995,
                    0.6459312438964844,
                    -0.6067363023757935,
                    0.0
                ],
                [
                    -1.5560512110823765e-05,
                    -0.6846528649330139,
                    -0.7288692593574524,
                    0.0
                ],
                [
                    8.90888962601366e-09,
                    2.3963718120967314e-08,
                    4.031129360198975,
                    1.0
                ]
            ]
        },
        {
            "file_path": "./train_event/_00024",
            "rotation": 0.031415926535897934,
            "transform_matrix": [
                [
                    -0.8763067126274109,
                    -0.3508903384208679,
                    0.33009493350982666,
                    0.0
                ],
                [
                    -0.48175376653671265,
                    0.6382670402526855,
                    -0.6004404425621033,
                    0.0
                ],
                [
                    1.2739416632712164e-08,
                    -0.6851943731307983,
                    -0.7283604145050049,
                    0.0
                ],
                [
                    2.536690146826004e-08,
                    1.3216776117985773e-08,
                    4.031129360198975,
                    1.0
                ]
            ]
        },
        {
            "file_path": "./train_event/_00025",
            "rotation": 0.031415926535897934,
            "transform_matrix": [
                [
                    -0.8660257458686829,
                    -0.3638758361339569,
                    0.3429194688796997,
                    0.0
                ],
                [
                    -0.49999937415122986,
                    0.6302770376205444,
                    -0.593928873538971,
                    0.0
                ],
                [
                    -1.7910062524606474e-05,
                    -0.6858171820640564,
                    -0.7277738451957703,
                    0.0
                ],
                [
                    3.987811680872255e-08,
                    1.2814606265010298e-08,
                    4.031129360198975,
                    1.0
                ]
            ]
        },
        {
            "file_path": "./train_event/_00026",
            "rotation": 0.031415926535897934,
            "transform_matrix": [
                [
                    -0.8553638458251953,
                    -0.3766923248767853,
                    0.35560595989227295,
                    0.0
                ],
                [
                    -0.5180277228355408,
                    0.6220155358314514,
                    -0.5871490240097046,
                    0.0
                ],
                [
                    -1.7919113815878518e-05,
                    -0.6864397525787354,
                    -0.7271866798400879,
                    0.0
                ],
                [
                    5.438932859647139e-08,
                    1.2412434635677982e-08,
                    4.031129360198975,
                    1.0
                ]
            ]
        },
        {
            "file_path": "./train_event/_00027",
            "rotation": 0.031415926535897934,
            "transform_matrix": [
                [
                    -0.8443278074264526,
                    -0.3893313705921173,
                    0.36814606189727783,
                    0.0
                ],
                [
                    -0.5358268022537231,
                    0.6134880185127258,
                    -0.5801053643226624,
                    0.0
                ],
                [
                    -5.198721897414771e-09,
                    -0.6870616674423218,
                    -0.7265992760658264,
                    0.0
                ],
                [
                    6.890054038422022e-08,
                    1.2010264782702507e-08,
                    4.031129360198975,
                    1.0
                ]
            ]
        },
        {
            "file_path": "./train_event/_00028",
            "rotation": 0.031415926535897934,
            "transform_matrix": [
                [
                    -0.8329216241836548,
                    -0.40171393752098083,
                    0.38061457872390747,
                    0.0
                ],
                [
                    -0.5533909797668457,
                    0.6046541929244995,
                    -0.5728452801704407,
                    0.0
                ],
                [
                    -2.025349749601446e-05,
                    -0.6877639293670654,
                    -0.7259344458580017,
                    0.0
                ],
                [
                    7.16099037845197e-08,
                    -5.383062884334322e-09,
                    4.031129360198975,
                    1.0
                ]
            ]
        },
        {
            "file_path": "./train_event/_00029",
            "rotation": 0.031415926535897934,
            "transform_matrix": [
                [
                    -0.8211487531661987,
                    -0.41390982270240784,
                    0.3929292857646942,
                    0.0
                ],
                [
                    -0.5707142353057861,
                    0.5955615043640137,
                    -0.5653244256973267,
                    0.0
                ],
                [
                    -2.02440278371796e-05,
                    -0.6884657740592957,
                    -0.7252688407897949,
                    0.0
                ],
                [
                    7.431926007939182e-08,
                    -2.277639232772799e-08,
                    4.031128883361816,
                    1.0
                ]
            ]
        },
        {
            "file_path": "./train_event/_00030",
            "rotation": 0.031415926535897934,
            "transform_matrix": [
                [
                    -0.8090169429779053,
                    -0.4259108901023865,
                    0.405082106590271,
                    0.0
                ],
                [
                    -0.5877853035926819,
                    0.5862159132957458,
                    -0.5575475692749023,
                    0.0
                ],
                [
                    1.234538693495324e-08,
                    -0.689166784286499,
                    -0.7246027588844299,
                    0.0
                ],
                [
                    7.70286234796913e-08,
                    -4.016971999476482e-08,
                    4.031128883361816,
                    1.0
                ]
            ]
        },
        {
            "file_path": "./train_event/_00031",
            "rotation": 0.031415926535897934,
            "transform_matrix": [
                [
                    -0.7965303659439087,
                    -0.43763214349746704,
                    0.41715407371520996,
                    0.0
                ],
                [
                    -0.6045985817909241,
                    0.5765856504440308,
                    -0.5495539903640747,
                    0.0
                ],
                [
                    -2.255331310152542e-05,
                    -0.6899471879005432,
                    -0.7238597273826599,
                    0.0
                ],
                [
                    2.10338608752636e-08,
                    3.573028983794302e-09,
                    4.031128883361816,
                    1.0
                ]
            ]
        },
        {
            "file_path": "./train_event/_00032",
            "rotation": 0.031415926535897934,
            "transform_matrix": [
                [
                    -0.7836929559707642,
                    -0.44914987683296204,
                    0.4290568232536316,
                    0.0
                ],
                [
                    -0.621148407459259,
                    0.5667102336883545,
                    -0.541307806968689,
                    0.0
                ],
                [
                    -2.2554881070391275e-05,
                    -0.6907270550727844,
                    -0.7231155633926392,
                    0.0
                ],
                [
                    -3.4960901729164107e-08,
                    4.731577618599658e-08,
                    4.031128883361816,
                    1.0
                ]
            ]
        },
        {
            "file_path": "./train_event/_00033",
            "rotation": 0.031415926535897934,
            "transform_matrix": [
                [
                    -0.7705131769180298,
                    -0.46045657992362976,
                    0.44078245759010315,
                    0.0
                ],
                [
                    -0.6374239921569824,
                    0.5565963387489319,
                    -0.5328144431114197,
                    0.0
                ],
                [
                    8.180144561720226e-09,
                    -0.6915059089660645,
                    -0.7223708033561707,
                    0.0
                ],
                [
                    -9.095566610994865e-08,
                    9.105852427637728e-08,
                    4.031128883361816,
                    1.0
                ]
            ]
        },
        {
            "file_path": "./train_event/_00034",
            "rotation": 0.031415926535897934,
            "transform_matrix": [
                [
                    -0.7569954991340637,
                    -0.4714618921279907,
                    0.45241737365722656,
                    0.0
                ],
                [
                    -0.653420090675354,
                    0.5462209582328796,
                    -0.5241038799285889,
                    0.0
                ],
                [
                    -2.4862789359758608e-05,
                    -0.6923628449440002,
                    -0.7215495109558105,
                    0.0
                ],
                [
                    -6.14401542975429e-08,
                    8.325737610448414e-08,
                    4.031128883361816,
                    1.0
                ]
            ]
        },
        {
            "file_path": "./train_event/_00035",
            "rotation": 0.031415926535897934,
            "transform_matrix": [
                [
                    -0.7431442737579346,
                    -0.4822480380535126,
                    0.4638679325580597,
                    0.0
                ],
                [
                    -0.6691312789916992,
                    0.5356155633926392,
                    -0.5151498317718506,
                    0.0
                ],
                [
                    -2.487693382136058e-05,
                    -0.6932191252708435,
                    -0.7207268476486206,
                    0.0
                ],
                [
                    -3.1924646037850835e-08,
                    7.545622793259099e-08,
                    4.031128883361816,
                    1.0
                ]
            ]
        },
        {
            "file_path": "./train_event/_00036",
            "rotation": 0.031415926535897934,
            "transform_matrix": [
                [
                    -0.7289685010910034,
                    -0.49280792474746704,
                    0.47512656450271606,
                    0.0
                ],
                [
                    -0.6845471858978271,
                    0.5247870087623596,
                    -0.5059582591056824,
                    0.0
                ],
                [
                    -6.984102185469965e-09,
                    -0.6940741539001465,
                    -0.7199035286903381,
                    0.0
                ],
                [
                    -2.4091375561141604e-09,
                    6.765507976069784e-08,
                    4.031128883361816,
                    1.0
                ]
            ]
        },
        {
            "file_path": "./train_event/_00037",
            "rotation": 0.031415926535897934,
            "transform_matrix": [
                [
                    -0.7144731283187866,
                    -0.5030468106269836,
                    0.48628392815589905,
                    0.0
                ],
                [
                    -0.6996628642082214,
                    0.5137221217155457,
                    -0.4965495467185974,
                    0.0
                ],
                [
                    -2.7156786018167622e-05,
                    -0.6950061321258545,
                    -0.7190037965774536,
                    0.0
                ],
                [
                    -4.14446752472486e-08,
                    5.281084725083929e-08,
                    4.031128883361816,
                    1.0
                ]
            ]
        },
        {
            "file_path": "./train_event/_00038",
            "rotation": 0.031415926535897934,
            "transform_matrix": [
                [
                    -0.6996627449989319,
                    -0.5130519270896912,
                    0.49724218249320984,
                    0.0
                ],
                [
                    -0.714473307132721,
                    0.5024431347846985,
                    -0.48690739274024963,
                    0.0
                ],
                [
                    -2.7153011615155265e-05,
                    -0.6959372162818909,
                    -0.7181026339530945,
                    0.0
                ],
                [
                    -8.048021271633843e-08,
                    3.796661474098073e-08,
                    4.031129360198975,
                    1.0
                ]
            ]
        },
        {
            "file_path": "./train_event/_00039",
            "rotation": 0.031415926535897934,
            "transform_matrix": [
                [
                    -0.6845470666885376,
                    -0.5228167176246643,
                    0.5079941153526306,
                    0.0
                ],
                [
                    -0.7289687395095825,
                    0.49095749855041504,
                    -0.4770381450653076,
                    0.0
                ],
                [
                    8.428270525939752e-09,
                    -0.6968668103218079,
                    -0.7172006368637085,
                    0.0
                ],
                [
                    -1.1951574663271458e-07,
                    2.3122387560192692e-08,
                    4.031129360198975,
                    1.0
                ]
            ]
        },
        {
            "file_path": "./train_event/_00040",
            "rotation": 0.031415926535897934,
            "transform_matrix": [
                [
                    -0.6691311001777649,
                    -0.532243013381958,
                    0.5186337232589722,
                    0.0
                ],
                [
                    -0.7431443929672241,
                    0.47926202416419983,
                    -0.4669521749019623,
                    0.0
                ],
                [
                    -2.938611760328058e-05,
                    -0.6978719234466553,
                    -0.7162225246429443,
                    0.0
                ],
                [
                    -1.024663376369972e-07,
                    1.0452674281680174e-08,
                    4.031129360198975,
                    1.0
                ]
            ]
        },
        {
            "file_path": "./train_event/_00041",
            "rotation": 0.031415926535897934,
            "transform_matrix": [
                [
                    -0.6534199118614197,
                    -0.5414223074913025,
                    0.5290598273277283,
                    0.0
                ],
                [
                    -0.756995677947998,
                    0.4673694372177124,
                    -0.45664361119270325,
                    0.0
                ],
                [
                    -2.9380486012087204e-05,
                    -0.6988760232925415,
                    -0.7152428030967712,
                    0.0
                ],
                [
                    -8.541692153585245e-08,
                    -2.217037220475504e-09,
                    4.031128883361816,
                    1.0
                ]
            ]
        },
        {
            "file_path": "./train_event/_00042",
            "rotation": 0.031415926535897934,
            "transform_matrix": [
                [
                    -0.6374238729476929,
                    -0.5503484010696411,
                    0.5392656326293945,
                    0.0
                ],
                [
                    -0.7705133557319641,
                    0.4552876651287079,
                    -0.4461192190647125,
                    0.0
                ],
                [
                    7.804416668477643e-09,
                    -0.6998783946037292,
                    -0.7142620086669922,
                    0.0
                ],
                [
                    -6.836751254013507e-08,
                    -1.4886749610809602e-08,
                    4.031128883361816,
                    1.0
                ]
            ]
        },
        {
            "file_path": "./train_event/_00043",
            "rotation": 0.031415926535897934,
            "transform_matrix": [
                [
                    -0.6211482286453247,
                    -0.558920681476593,
                    0.5493474006652832,
                    0.0
                ],
                [
                    -0.7836930751800537,
                    0.44302383065223694,
                    -0.43537917733192444,
                    0.0
                ],
                [
                    -3.159026528010145e-05,
                    -0.7009547352790833,
                    -0.7132057547569275,
                    0.0
                ],
                [
                    -8.176255761327411e-08,
                    3.808890092216188e-09,
                    4.031128883361816,
                    1.0
                ]
            ]
        },
        {
            "file_path": "./train_event/_00044",
            "rotation": 0.031415926535897934,
            "transform_matrix": [
                [
                    -0.604598343372345,
